  # Wind [m/s]             1             2             3             4             5             6             7             8             9            10            11            12             1             2             3             4             5             6             7             8             9            10            11            12             1             2             3             4             5             6             7             8             9            10            11            12
  0.400000E+01  0.000000E+00  0.252146E+00  0.253916E+00  0.522138E+00  0.638965E+00  0.652229E+00  0.827012E+00  0.953831E+00  0.132728E+01  0.152684E+01  0.173249E+01  0.175731E+01 -0.100000E+03  0.431752E+01  0.417973E+00  0.276454E+02  0.237800E+02  0.251002E+02  0.953417E+00  0.141605E+01  0.908107E+01  0.822152E+01  0.750364E+01  0.217076E+01  0.506310E-06 -0.684655E-01 -0.666841E-02 -0.943740E+00 -0.982897E+00 -0.106265E+01 -0.495444E-01 -0.848735E-01 -0.760463E+00 -0.791402E+00 -0.819120E+00 -0.239742E+00
  0.500000E+01  0.000000E+00  0.253603E+00  0.253922E+00  0.516359E+00  0.659319E+00  0.658161E+00  0.814528E+00  0.972056E+00  0.132572E+01  0.153778E+01  0.174459E+01  0.175881E+01 -0.100000E+03  0.522305E+01  0.436111E+00  0.361620E+02  0.297862E+02  0.327713E+02  0.107638E+01  0.181305E+01  0.119842E+02  0.104143E+02  0.100095E+02  0.211648E+01  0.811593E-06 -0.833398E-01 -0.695794E-02 -0.125839E+01 -0.129260E+01 -0.143442E+01 -0.550904E-01 -0.110752E+00 -0.100550E+01 -0.101175E+01 -0.110274E+01 -0.233943E+00
  0.600000E+01  0.000000E+00  0.255156E+00  0.253914E+00  0.510941E+00  0.679097E+00  0.665063E+00  0.802106E+00  0.989607E+00  0.132014E+01  0.154750E+01  0.175326E+01  0.176123E+01 -0.100000E+03  0.602348E+01  0.450996E+00  0.446930E+02  0.357883E+02  0.403420E+02  0.120515E+01  0.226444E+01  0.151861E+02  0.127111E+02  0.126680E+02  0.209406E+01  0.114014E-05 -0.967437E-01 -0.719522E-02 -0.160390E+01 -0.163536E+01 -0.184235E+01 -0.607413E-01 -0.140837E+00 -0.127442E+01 -0.124603E+01 -0.140685E+01 -0.231782E+00
  0.700000E+01  0.000000E+00  0.256721E+00  0.253894E+00  0.507780E+00  0.701261E+00  0.672246E+00  0.789444E+00  0.100596E+01  0.130957E+01  0.155542E+01  0.175867E+01  0.176301E+01 -0.100000E+03  0.672064E+01  0.463306E+00  0.529552E+02  0.417894E+02  0.477008E+02  0.134047E+01  0.274191E+01  0.187129E+02  0.150940E+02  0.154815E+02  0.209251E+01  0.151624E-05 -0.108651E+00 -0.739104E-02 -0.199171E+01 -0.202676E+01 -0.229242E+01 -0.664961E-01 -0.173371E+00 -0.156743E+01 -0.149223E+01 -0.173160E+01 -0.231845E+00
  0.800000E+01  0.000000E+00  0.258219E+00  0.253864E+00  0.509404E+00  0.727949E+00  0.680680E+00  0.776246E+00  0.102073E+01  0.129235E+01  0.156077E+01  0.176025E+01  0.176321E+01 -0.100000E+03  0.732876E+01  0.473606E+00  0.606186E+02  0.476951E+02  0.547962E+02  0.147528E+01  0.321089E+01  0.226130E+02  0.175571E+02  0.184647E+02  0.210334E+01  0.203736E-05 -0.119225E+00 -0.755446E-02 -0.243952E+01 -0.248199E+01 -0.280159E+01 -0.719617E-01 -0.206034E+00 -0.188502E+01 -0.174892E+01 -0.207791E+01 -0.233072E+00
  0.900000E+01  0.000000E+00  0.259662E+00  0.253825E+00  0.526779E+00  0.769193E+00  0.699397E+00  0.762244E+00  0.103356E+01  0.126622E+01  0.156296E+01  0.175741E+01  0.176114E+01 -0.100000E+03  0.786653E+01  0.482408E+00  0.671662E+02  0.534423E+02  0.614806E+02  0.159658E+01  0.364820E+01  0.270955E+02  0.201719E+02  0.216857E+02  0.212265E+01  0.285132E-05 -0.128742E+00 -0.769368E-02 -0.300072E+01 -0.305585E+01 -0.342565E+01 -0.764752E-01 -0.237074E+00 -0.223947E+01 -0.202253E+01 -0.245294E+01 -0.234937E+00
  0.100000E+02  0.000000E+00  0.260885E+00  0.253779E+00  0.556521E+00  0.818752E+00  0.720480E+00  0.747372E+00  0.104465E+01  0.122332E+01  0.155855E+01  0.174654E+01  0.175649E+01 -0.100000E+03  0.835462E+01  0.489919E+00  0.724468E+02  0.588136E+02  0.675342E+02  0.168209E+01  0.398967E+01  0.320558E+02  0.228348E+02  0.251383E+02  0.214209E+01  0.428951E-05 -0.137428E+00 -0.781205E-02 -0.367509E+01 -0.374101E+01 -0.414535E+01 -0.790002E-01 -0.262080E+00 -0.260118E+01 -0.229682E+01 -0.285016E+01 -0.236463E+00
  0.110000E+02  0.000000E+00  0.261970E+00  0.253727E+00  0.614735E+00  0.888254E+00  0.754284E+00  0.731615E+00  0.105417E+01  0.115392E+01  0.154510E+01  0.172439E+01  0.174907E+01 -0.100000E+03  0.881566E+01  0.496986E+00  0.764397E+02  0.639451E+02  0.728183E+02  0.171708E+01  0.422683E+01  0.372077E+02  0.254594E+02  0.288541E+02  0.216092E+01  0.661090E-05 -0.145674E+00 -0.792313E-02 -0.457929E+01 -0.464187E+01 -0.503526E+01 -0.789434E-01 -0.280216E+00 -0.290633E+01 -0.255585E+01 -0.326512E+01 -0.237535E+00
  0.111000E+02  0.000000E+00  0.262072E+00  0.253722E+00  0.622489E+00  0.896292E+00  0.758595E+00  0.729995E+00  0.105505E+01  0.114535E+01  0.154316E+01  0.172135E+01  0.174818E+01 -0.100000E+03  0.886102E+01  0.497713E+00  0.768024E+02  0.644770E+02  0.733047E+02  0.171741E+01  0.424454E+01  0.376615E+02  0.257058E+02  0.292376E+02  0.216272E+01  0.690106E-05 -0.146486E+00 -0.793454E-02 -0.469053E+01 -0.475036E+01 -0.513688E+01 -0.787837E-01 -0.281628E+00 -0.292570E+01 -0.257910E+01 -0.330670E+01 -0.237611E+00
  0.112000E+02  0.000000E+00  0.262140E+00  0.253716E+00  0.628463E+00  0.902223E+00  0.761881E+00  0.728761E+00  0.105574E+01  0.113869E+01  0.154160E+01  0.171900E+01  0.174734E+01 -0.100000E+03  0.889110E+01  0.497460E+00  0.770672E+02  0.648715E+02  0.736636E+02  0.172015E+01  0.426620E+01  0.380089E+02  0.258976E+02  0.295345E+02  0.216593E+01  0.726912E-05 -0.147025E+00 -0.793033E-02 -0.477564E+01 -0.483221E+01 -0.521419E+01 -0.787764E-01 -0.283252E+00 -0.294003E+01 -0.259709E+01 -0.333890E+01 -0.237851E+00
  0.113000E+02  0.000000E+00  0.262121E+00  0.253714E+00  0.628907E+00  0.902429E+00  0.762390E+00  0.728779E+00  0.105588E+01  0.113865E+01  0.154157E+01  0.171948E+01  0.174678E+01 -0.100000E+03  0.887478E+01  0.497679E+00  0.769641E+02  0.647503E+02  0.735817E+02  0.173482E+01  0.430739E+01  0.380668E+02  0.259125E+02  0.295368E+02  0.217483E+01  0.773634E-05 -0.146743E+00 -0.793375E-02 -0.476331E+01 -0.481775E+01 -0.520503E+01 -0.794503E-01 -0.286031E+00 -0.294517E+01 -0.259863E+01 -0.334012E+01 -0.238752E+00
  0.114000E+02  0.000000E+00  0.262413E+00  0.253752E+00  0.690212E+00  0.964315E+00  0.814193E+00  0.727874E+00  0.105325E+01  0.112348E+01  0.153422E+01  0.171251E+01  0.174867E+01 -0.100000E+03  0.878060E+01  0.494045E+00  0.759616E+02  0.650327E+02  0.731688E+02  0.153542E+01  0.393985E+01  0.381254E+02  0.261199E+02  0.299883E+02  0.182294E+01  0.439566E-05 -0.145335E+00 -0.787701E-02 -0.506517E+01 -0.518698E+01 -0.549134E+01 -0.702289E-01 -0.260933E+00 -0.291116E+01 -0.260845E+01 -0.338243E+01 -0.200323E+00
  0.115000E+02  0.000000E+00  0.262471E+00  0.253781E+00  0.692143E+00  0.967153E+00  0.815449E+00  0.727221E+00  0.105194E+01  0.112172E+01  0.153253E+01  0.170975E+01  0.174904E+01 -0.100000E+03  0.885963E+01  0.503179E+00  0.765106E+02  0.657548E+02  0.736704E+02  0.141905E+01  0.370406E+01  0.380234E+02  0.262172E+02  0.301880E+02  0.164780E+01  0.304674E-05 -0.146686E+00 -0.802356E-02 -0.516744E+01 -0.530359E+01 -0.558194E+01 -0.648466E-01 -0.244989E+00 -0.289752E+01 -0.261601E+01 -0.340169E+01 -0.181110E+00
  0.116000E+02  0.000000E+00  0.262583E+00  0.253803E+00  0.705016E+00  0.980655E+00  0.826826E+00  0.726659E+00  0.105083E+01  0.111870E+01  0.153042E+01  0.170747E+01  0.174895E+01 -0.100000E+03  0.892239E+01  0.509880E+00  0.764991E+02  0.660076E+02  0.737134E+02  0.133980E+01  0.353921E+01  0.379758E+02  0.263014E+02  0.303239E+02  0.153610E+01  0.239150E-05 -0.147796E+00 -0.813111E-02 -0.526164E+01 -0.541422E+01 -0.566705E+01 -0.611771E-01 -0.233825E+00 -0.288548E+01 -0.262141E+01 -0.341400E+01 -0.168822E+00
  0.117000E+02  0.000000E+00  0.262407E+00  0.253803E+00  0.704811E+00  0.981237E+00  0.826921E+00  0.726192E+00  0.105001E+01  0.111910E+01  0.153049E+01  0.170686E+01  0.174865E+01 -0.100000E+03  0.864412E+01  0.484080E+00  0.767980E+02  0.663654E+02  0.739647E+02  0.128228E+01  0.341514E+01  0.378013E+02  0.262753E+02  0.303850E+02  0.142926E+01  0.232526E-05 -0.143056E+00 -0.771967E-02 -0.531007E+01 -0.546979E+01 -0.571027E+01 -0.585126E-01 -0.225442E+00 -0.287103E+01 -0.261875E+01 -0.342035E+01 -0.157051E+00
  0.118000E+02  0.000000E+00  0.262482E+00  0.253819E+00  0.712878E+00  0.990402E+00  0.834768E+00  0.725770E+00  0.104926E+01  0.111850E+01  0.152985E+01  0.170635E+01  0.174828E+01 -0.100000E+03  0.869266E+01  0.490552E+00  0.766994E+02  0.663773E+02  0.738703E+02  0.123908E+01  0.331494E+01  0.377118E+02  0.262899E+02  0.304116E+02  0.137072E+01  0.198287E-05 -0.143906E+00 -0.782337E-02 -0.535409E+01 -0.552265E+01 -0.574826E+01 -0.565082E-01 -0.218665E+00 -0.286156E+01 -0.261921E+01 -0.342265E+01 -0.150584E+00
  0.119000E+02  0.000000E+00  0.262510E+00  0.253836E+00  0.712043E+00  0.990385E+00  0.834383E+00  0.725385E+00  0.104867E+01  0.111919E+01  0.153000E+01  0.170637E+01  0.174784E+01 -0.100000E+03  0.879396E+01  0.501537E+00  0.768538E+02  0.665465E+02  0.740008E+02  0.120490E+01  0.322924E+01  0.377265E+02  0.263581E+02  0.304651E+02  0.132788E+01  0.171644E-05 -0.145612E+00 -0.799909E-02 -0.537408E+01 -0.554780E+01 -0.576801E+01 -0.549199E-01 -0.212886E+00 -0.286463E+01 -0.262676E+01 -0.342931E+01 -0.145840E+00
  0.120000E+02  0.000000E+00  0.262710E+00  0.253850E+00  0.724300E+00  0.100379E+01  0.845545E+00  0.725003E+00  0.104795E+01  0.111814E+01  0.152913E+01  0.170596E+01  0.174732E+01 -0.100000E+03  0.885523E+01  0.507680E+00  0.765381E+02  0.663262E+02  0.736955E+02  0.117374E+01  0.315288E+01  0.375459E+02  0.263188E+02  0.304573E+02  0.128754E+01  0.150149E-05 -0.146746E+00 -0.809754E-02 -0.541223E+01 -0.558962E+01 -0.579226E+01 -0.534712E-01 -0.207703E+00 -0.284599E+01 -0.262107E+01 -0.342752E+01 -0.141368E+00
  0.130000E+02  0.000000E+00  0.262477E+00  0.253920E+00  0.732517E+00  0.101548E+01  0.855044E+00  0.721530E+00  0.104297E+01  0.112008E+01  0.152887E+01  0.170645E+01  0.174055E+01 -0.100000E+03  0.882726E+01  0.519604E+00  0.772742E+02  0.673381E+02  0.743539E+02  0.995678E+00  0.264454E+01  0.374612E+02  0.266374E+02  0.305805E+02  0.115927E+01  0.860177E-06 -0.146149E+00 -0.829000E-02 -0.560338E+01 -0.581157E+01 -0.597373E+01 -0.451414E-01 -0.173363E+00 -0.284346E+01 -0.265476E+01 -0.344380E+01 -0.126789E+00
  0.140000E+02  0.000000E+00  0.262364E+00  0.253985E+00  0.739283E+00  0.102476E+01  0.863037E+00  0.718458E+00  0.103897E+01  0.112339E+01  0.153019E+01  0.171023E+01  0.173289E+01 -0.100000E+03  0.908335E+01  0.566600E+00  0.774634E+02  0.676562E+02  0.745260E+02  0.933954E+00  0.236075E+01  0.375858E+02  0.269554E+02  0.305064E+02  0.127173E+01  0.583236E-06 -0.150359E+00 -0.904215E-02 -0.568969E+01 -0.591567E+01 -0.606093E+01 -0.421625E-01 -0.154154E+00 -0.286290E+01 -0.269124E+01 -0.344221E+01 -0.138478E+00
  0.150000E+02  0.000000E+00  0.262216E+00  0.254031E+00  0.752172E+00  0.103810E+01  0.874794E+00  0.715531E+00  0.103527E+01  0.112403E+01  0.153005E+01  0.171327E+01  0.172463E+01 -0.100000E+03  0.915789E+01  0.595765E+00  0.775032E+02  0.679067E+02  0.746322E+02  0.914654E+00  0.216657E+01  0.377281E+02  0.272665E+02  0.304429E+02  0.146319E+01  0.439025E-06 -0.151518E+00 -0.950931E-02 -0.579633E+01 -0.603380E+01 -0.616322E+01 -0.411229E-01 -0.140964E+00 -0.287716E+01 -0.272453E+01 -0.344042E+01 -0.158570E+00
  0.160000E+02  0.000000E+00  0.261914E+00  0.254072E+00  0.754921E+00  0.104184E+01  0.878523E+00  0.712663E+00  0.103184E+01  0.112750E+01  0.153195E+01  0.171880E+01  0.171590E+01 -0.100000E+03  0.928725E+01  0.632499E+00  0.776513E+02  0.681361E+02  0.747941E+02  0.921938E+00  0.202339E+01  0.379233E+02  0.275467E+02  0.302273E+02  0.172719E+01  0.344076E-06 -0.153500E+00 -0.100973E-01 -0.584548E+01 -0.609365E+01 -0.621993E+01 -0.412842E-01 -0.131208E+00 -0.290348E+01 -0.275823E+01 -0.342460E+01 -0.186242E+00
  0.170000E+02  0.000000E+00  0.261595E+00  0.254115E+00  0.755305E+00  0.104334E+01  0.880256E+00  0.709845E+00  0.102855E+01  0.113226E+01  0.153488E+01  0.172595E+01  0.170674E+01 -0.100000E+03  0.947279E+01  0.680554E+00  0.776991E+02  0.682066E+02  0.748511E+02  0.946025E+00  0.191555E+01  0.381329E+02  0.278111E+02  0.299473E+02  0.204547E+01  0.274286E-06 -0.156403E+00 -0.108663E-01 -0.585753E+01 -0.611423E+01 -0.624300E+01 -0.421955E-01 -0.123816E+00 -0.293459E+01 -0.279224E+01 -0.340383E+01 -0.219397E+00
  0.180000E+02  0.000000E+00  0.261202E+00  0.254174E+00  0.755268E+00  0.104415E+01  0.881581E+00  0.707041E+00  0.102534E+01  0.113708E+01  0.153793E+01  0.173381E+01  0.169711E+01 -0.100000E+03  0.979953E+01  0.768018E+00  0.777336E+02  0.682606E+02  0.748969E+02  0.982072E+00  0.183115E+01  0.383818E+02  0.280894E+02  0.296342E+02  0.242936E+01  0.220557E-06 -0.161606E+00 -0.122658E-01 -0.586380E+01 -0.612803E+01 -0.626111E+01 -0.436303E-01 -0.117990E+00 -0.296965E+01 -0.282817E+01 -0.338014E+01 -0.259126E+00
  0.190000E+02  0.000000E+00  0.260743E+00  0.254208E+00  0.754523E+00  0.104405E+01  0.882275E+00  0.704258E+00  0.102220E+01  0.114205E+01  0.154128E+01  0.174230E+01  0.168687E+01 -0.100000E+03  0.991390E+01  0.814111E+00  0.777623E+02  0.683032E+02  0.749369E+02  0.102535E+01  0.176500E+01  0.386211E+02  0.283521E+02  0.293147E+02  0.280647E+01  0.185484E-06 -0.163223E+00 -0.130037E-01 -0.586350E+01 -0.613460E+01 -0.627367E+01 -0.453738E-01 -0.113377E+00 -0.300445E+01 -0.286314E+01 -0.335660E+01 -0.297573E+00
  0.200000E+02  0.000000E+00  0.260265E+00  0.254232E+00  0.753611E+00  0.104361E+01  0.882789E+00  0.701492E+00  0.101911E+01  0.114715E+01  0.154483E+01  0.175146E+01  0.167603E+01 -0.100000E+03  0.994378E+01  0.846847E+00  0.777776E+02  0.683289E+02  0.749629E+02  0.107402E+01  0.171252E+01  0.388460E+02  0.285996E+02  0.289872E+02  0.318678E+01  0.158078E-06 -0.163420E+00 -0.135279E-01 -0.585932E+01 -0.613636E+01 -0.628229E+01 -0.473414E-01 -0.109673E+00 -0.303854E+01 -0.289701E+01 -0.333308E+01 -0.335764E+00
  0.210000E+02  0.000000E+00  0.259690E+00  0.254260E+00  0.728586E+00  0.102204E+01  0.865750E+00  0.698741E+00  0.101603E+01  0.116338E+01  0.155608E+01  0.176774E+01  0.166424E+01 -0.100000E+03  0.100557E+02  0.894182E+00  0.780952E+02  0.682888E+02  0.749984E+02  0.113152E+01  0.166855E+01  0.385531E+02  0.284344E+02  0.281880E+02  0.359872E+01  0.135255E-06 -0.164913E+00 -0.142857E-01 -0.572386E+01 -0.600296E+01 -0.616771E+01 -0.496805E-01 -0.106533E+00 -0.305423E+01 -0.289977E+01 -0.326317E+01 -0.376554E+00
  0.220000E+02  0.000000E+00  0.259041E+00  0.254284E+00  0.706600E+00  0.100309E+01  0.851682E+00  0.695998E+00  0.101298E+01  0.117939E+01  0.156732E+01  0.178430E+01  0.165176E+01 -0.100000E+03  0.101447E+02  0.942356E+00  0.782704E+02  0.681160E+02  0.748764E+02  0.119611E+01  0.163248E+01  0.383219E+02  0.283397E+02  0.274889E+02  0.401505E+01  0.116531E-06 -0.165973E+00 -0.150568E-01 -0.558323E+01 -0.586378E+01 -0.604500E+01 -0.523104E-01 -0.103917E+00 -0.307449E+01 -0.291014E+01 -0.320529E+01 -0.417032E+00
  0.230000E+02  0.000000E+00  0.258340E+00  0.254305E+00  0.689926E+00  0.988681E+00  0.841921E+00  0.693265E+00  0.100997E+01  0.119368E+01  0.157745E+01  0.180012E+01  0.163882E+01 -0.100000E+03  0.102105E+02  0.992093E+00  0.782747E+02  0.678289E+02  0.746234E+02  0.126544E+01  0.160525E+01  0.382383E+02  0.283745E+02  0.269583E+02  0.442140E+01  0.101383E-06 -0.166608E+00 -0.158529E-01 -0.545226E+01 -0.573435E+01 -0.593005E+01 -0.551260E-01 -0.101880E+00 -0.310380E+01 -0.293286E+01 -0.316635E+01 -0.455718E+00
  0.240000E+02  0.000000E+00  0.257495E+00  0.254355E+00  0.682079E+00  0.981684E+00  0.838486E+00  0.690537E+00  0.100701E+01  0.120353E+01  0.158438E+01  0.181397E+01  0.162556E+01 -0.100000E+03  0.104796E+02  0.110900E+01  0.782549E+02  0.676834E+02  0.744550E+02  0.134007E+01  0.158873E+01  0.383547E+02  0.285648E+02  0.265666E+02  0.488495E+01  0.875945E-07 -0.170488E+00 -0.177246E-01 -0.538672E+01 -0.567121E+01 -0.587590E+01 -0.581476E-01 -0.100535E+00 -0.314058E+01 -0.296724E+01 -0.314079E+01 -0.499530E+00
  0.250000E+02  0.000000E+00  0.256663E+00  0.254400E+00  0.675985E+00  0.976122E+00  0.836290E+00  0.687826E+00  0.100408E+01  0.121304E+01  0.159119E+01  0.182801E+01  0.161189E+01 -0.100000E+03  0.107016E+02  0.121635E+01  0.781871E+02  0.675098E+02  0.742548E+02  0.141788E+01  0.157926E+01  0.384509E+02  0.287449E+02  0.262258E+02  0.530825E+01  0.798918E-07 -0.173578E+00 -0.194440E-01 -0.532668E+01 -0.561248E+01 -0.582533E+01 -0.612831E-01 -0.996453E-01 -0.317470E+01 -0.300048E+01 -0.312148E+01 -0.538367E+00
