# Speed[rad/s]             1             2             3             4             5             6             7             8             9            10            11            12             1             2             3             4             5             6             7             8             9            10            11            12
  0.000000E+00  0.000000E+00  0.248332E+00  0.253819E+00  0.523527E+00  0.570434E+00  0.614923E+00  0.875369E+00  0.891571E+00  0.131428E+01  0.149250E+01  0.168418E+01  0.176296E+01  0.100000E+03  0.319204E+00  0.327553E+00  0.328891E+00  0.458001E+00  0.486566E+00  0.460684E+00  0.475484E+00  0.726301E+00  0.130820E+01  0.119131E+01  0.101025E+01
  0.349066E-01  0.000000E+00  0.248330E+00  0.253819E+00  0.522981E+00  0.571057E+00  0.614988E+00  0.873654E+00  0.893307E+00  0.131420E+01  0.149267E+01  0.168423E+01  0.176299E+01  0.100000E+03  0.319202E+00  0.327553E+00  0.330495E+00  0.456327E+00  0.486511E+00  0.461985E+00  0.474173E+00  0.726702E+00  0.130775E+01  0.119119E+01  0.101032E+01
  0.698132E-01  0.000000E+00  0.248323E+00  0.253820E+00  0.521422E+00  0.572843E+00  0.615183E+00  0.869750E+00  0.897275E+00  0.131395E+01  0.149318E+01  0.168436E+01  0.176310E+01  0.100000E+03  0.319196E+00  0.327553E+00  0.334677E+00  0.451943E+00  0.486345E+00  0.463726E+00  0.472401E+00  0.727894E+00  0.130641E+01  0.119083E+01  0.101051E+01
  0.104720E+00  0.000000E+00  0.248312E+00  0.253820E+00  0.519046E+00  0.575595E+00  0.615513E+00  0.865015E+00  0.902116E+00  0.131354E+01  0.149404E+01  0.168458E+01  0.176328E+01  0.100000E+03  0.319186E+00  0.327554E+00  0.340111E+00  0.446185E+00  0.486056E+00  0.464838E+00  0.471238E+00  0.729845E+00  0.130421E+01  0.119022E+01  0.101083E+01
  0.139626E+00  0.000000E+00  0.248297E+00  0.253821E+00  0.516073E+00  0.579084E+00  0.615982E+00  0.859959E+00  0.907320E+00  0.131297E+01  0.149523E+01  0.168490E+01  0.176352E+01  0.100000E+03  0.319172E+00  0.327554E+00  0.345667E+00  0.440209E+00  0.485618E+00  0.465517E+00  0.470490E+00  0.732504E+00  0.130120E+01  0.118938E+01  0.101128E+01
  0.174533E+00  0.000000E+00  0.248277E+00  0.253822E+00  0.512693E+00  0.583111E+00  0.616600E+00  0.854765E+00  0.912706E+00  0.131226E+01  0.149674E+01  0.168530E+01  0.176384E+01  0.100000E+03  0.319153E+00  0.327555E+00  0.350737E+00  0.434671E+00  0.484987E+00  0.465948E+00  0.469968E+00  0.735805E+00  0.129745E+01  0.118829E+01  0.101185E+01
  0.209440E+00  0.000000E+00  0.248252E+00  0.253824E+00  0.509047E+00  0.587517E+00  0.617386E+00  0.849506E+00  0.918199E+00  0.131140E+01  0.149857E+01  0.168578E+01  0.176423E+01  0.100000E+03  0.319131E+00  0.327556E+00  0.355101E+00  0.429878E+00  0.484075E+00  0.466234E+00  0.469573E+00  0.739669E+00  0.129304E+01  0.118696E+01  0.101256E+01
  0.244346E+00  0.000000E+00  0.248223E+00  0.253825E+00  0.505233E+00  0.592175E+00  0.618365E+00  0.844217E+00  0.923764E+00  0.131041E+01  0.150071E+01  0.168636E+01  0.176470E+01  0.100000E+03  0.319104E+00  0.327557E+00  0.358748E+00  0.426009E+00  0.482716E+00  0.466426E+00  0.469253E+00  0.744012E+00  0.128806E+01  0.118539E+01  0.101340E+01
  0.279253E+00  0.000000E+00  0.248190E+00  0.253827E+00  0.501321E+00  0.596967E+00  0.619584E+00  0.838917E+00  0.929384E+00  0.130930E+01  0.150315E+01  0.168703E+01  0.176523E+01  0.100000E+03  0.319073E+00  0.327558E+00  0.361745E+00  0.423326E+00  0.480587E+00  0.466555E+00  0.468978E+00  0.748745E+00  0.128258E+01  0.118357E+01  0.101438E+01
  0.314159E+00  0.000000E+00  0.248152E+00  0.253829E+00  0.497359E+00  0.601764E+00  0.621124E+00  0.833616E+00  0.935047E+00  0.130809E+01  0.150587E+01  0.168778E+01  0.176584E+01  0.100000E+03  0.319038E+00  0.327560E+00  0.364180E+00  0.422366E+00  0.477062E+00  0.466640E+00  0.468730E+00  0.753781E+00  0.127671E+01  0.118150E+01  0.101548E+01
  0.349066E+00  0.000000E+00  0.248109E+00  0.253831E+00  0.493379E+00  0.606396E+00  0.623119E+00  0.828321E+00  0.940748E+00  0.130677E+01  0.150886E+01  0.168861E+01  0.176652E+01  0.100000E+03  0.318998E+00  0.327561E+00  0.366137E+00  0.424113E+00  0.471079E+00  0.466693E+00  0.468498E+00  0.759038E+00  0.127053E+01  0.117919E+01  0.101673E+01
  0.383972E+00  0.000000E+00  0.248062E+00  0.253834E+00  0.489406E+00  0.610643E+00  0.625762E+00  0.823037E+00  0.946481E+00  0.130538E+01  0.151211E+01  0.168953E+01  0.176727E+01  0.100000E+03  0.318954E+00  0.327563E+00  0.367689E+00  0.429642E+00  0.461491E+00  0.466722E+00  0.468276E+00  0.764437E+00  0.126411E+01  0.117663E+01  0.101811E+01
  0.418879E+00  0.000000E+00  0.248011E+00  0.253836E+00  0.485457E+00  0.614297E+00  0.629243E+00  0.817767E+00  0.952244E+00  0.130391E+01  0.151561E+01  0.169054E+01  0.176810E+01  0.100000E+03  0.318905E+00  0.327565E+00  0.368897E+00  0.438483E+00  0.448712E+00  0.466734E+00  0.468057E+00  0.769909E+00  0.125753E+01  0.117381E+01  0.101963E+01
  0.453786E+00  0.000000E+00  0.247955E+00  0.253839E+00  0.481543E+00  0.617311E+00  0.633593E+00  0.812513E+00  0.958035E+00  0.130238E+01  0.151934E+01  0.169162E+01  0.176901E+01  0.100000E+03  0.318852E+00  0.327567E+00  0.369809E+00  0.447692E+00  0.435639E+00  0.466734E+00  0.467839E+00  0.775393E+00  0.125086E+01  0.117075E+01  0.102129E+01
  0.488692E+00  0.000000E+00  0.247894E+00  0.253842E+00  0.477676E+00  0.619830E+00  0.638654E+00  0.807278E+00  0.963853E+00  0.130080E+01  0.152329E+01  0.169279E+01  0.176999E+01  0.100000E+03  0.318794E+00  0.327569E+00  0.370467E+00  0.454691E+00  0.424814E+00  0.466727E+00  0.467620E+00  0.780836E+00  0.124413E+01  0.116744E+01  0.102310E+01
  0.523599E+00  0.000000E+00  0.247829E+00  0.253845E+00  0.473861E+00  0.622052E+00  0.644218E+00  0.802063E+00  0.969696E+00  0.129918E+01  0.152746E+01  0.169404E+01  0.177104E+01  0.100000E+03  0.318731E+00  0.327572E+00  0.370903E+00  0.459113E+00  0.416573E+00  0.466717E+00  0.467397E+00  0.786195E+00  0.123741E+01  0.116387E+01  0.102505E+01
  0.558505E+00  0.000000E+00  0.247760E+00  0.253848E+00  0.470103E+00  0.624126E+00  0.650128E+00  0.796869E+00  0.975564E+00  0.129753E+01  0.153183E+01  0.169537E+01  0.177218E+01  0.100000E+03  0.318663E+00  0.327574E+00  0.371143E+00  0.461612E+00  0.410239E+00  0.466710E+00  0.467169E+00  0.791432E+00  0.123073E+01  0.116005E+01  0.102715E+01
  0.593412E+00  0.000000E+00  0.247685E+00  0.253852E+00  0.466407E+00  0.626145E+00  0.656282E+00  0.791700E+00  0.981456E+00  0.129587E+01  0.153639E+01  0.169678E+01  0.177339E+01  0.100000E+03  0.318589E+00  0.327577E+00  0.371211E+00  0.462845E+00  0.405134E+00  0.466712E+00  0.466935E+00  0.796518E+00  0.122412E+01  0.115598E+01  0.102939E+01
  0.628319E+00  0.000000E+00  0.247607E+00  0.253855E+00  0.462775E+00  0.628160E+00  0.662619E+00  0.786557E+00  0.987371E+00  0.129419E+01  0.154113E+01  0.169826E+01  0.177469E+01  0.100000E+03  0.318511E+00  0.327580E+00  0.371125E+00  0.463255E+00  0.400797E+00  0.466729E+00  0.466695E+00  0.801430E+00  0.121762E+01  0.115166E+01  0.103178E+01
  0.663225E+00  0.000000E+00  0.247523E+00  0.253859E+00  0.459210E+00  0.630205E+00  0.669100E+00  0.781444E+00  0.993310E+00  0.129251E+01  0.154604E+01  0.169981E+01  0.177606E+01  0.100000E+03  0.318427E+00  0.327583E+00  0.370901E+00  0.463115E+00  0.396938E+00  0.466769E+00  0.466448E+00  0.806152E+00  0.121123E+01  0.114708E+01  0.103432E+01
  0.698132E+00  0.000000E+00  0.247435E+00  0.253863E+00  0.455713E+00  0.632297E+00  0.675696E+00  0.776366E+00  0.999272E+00  0.129083E+01  0.155112E+01  0.170144E+01  0.177752E+01  0.100000E+03  0.318338E+00  0.327586E+00  0.370553E+00  0.462591E+00  0.393375E+00  0.466842E+00  0.466194E+00  0.810671E+00  0.120497E+01  0.114226E+01  0.103700E+01
  0.733038E+00  0.000000E+00  0.247343E+00  0.253867E+00  0.452284E+00  0.634449E+00  0.682383E+00  0.771329E+00  0.100526E+01  0.128916E+01  0.155635E+01  0.170314E+01  0.177906E+01  0.100000E+03  0.318243E+00  0.327590E+00  0.370093E+00  0.461788E+00  0.389986E+00  0.466961E+00  0.465933E+00  0.814978E+00  0.119886E+01  0.113719E+01  0.103983E+01
  0.767945E+00  0.000000E+00  0.247246E+00  0.253870E+00  0.448926E+00  0.636668E+00  0.689140E+00  0.766346E+00  0.101126E+01  0.128752E+01  0.156173E+01  0.170491E+01  0.178068E+01  0.100000E+03  0.318143E+00  0.327593E+00  0.369532E+00  0.460773E+00  0.386688E+00  0.467140E+00  0.465665E+00  0.819069E+00  0.119291E+01  0.113187E+01  0.104280E+01
  0.802851E+00  0.000000E+00  0.247144E+00  0.253874E+00  0.445638E+00  0.638958E+00  0.695937E+00  0.761435E+00  0.101729E+01  0.128589E+01  0.156725E+01  0.170675E+01  0.178240E+01  0.100000E+03  0.318036E+00  0.327596E+00  0.368878E+00  0.459592E+00  0.383422E+00  0.467390E+00  0.465391E+00  0.822939E+00  0.118712E+01  0.112631E+01  0.104590E+01
  0.837758E+00  0.000000E+00  0.247037E+00  0.253878E+00  0.442420E+00  0.641322E+00  0.702733E+00  0.756632E+00  0.102334E+01  0.128430E+01  0.157291E+01  0.170865E+01  0.178420E+01  0.100000E+03  0.317923E+00  0.327600E+00  0.368141E+00  0.458276E+00  0.380167E+00  0.467701E+00  0.465110E+00  0.826589E+00  0.118149E+01  0.112053E+01  0.104914E+01
  0.872665E+00  0.000000E+00  0.246926E+00  0.253882E+00  0.439273E+00  0.643762E+00  0.709446E+00  0.752012E+00  0.102941E+01  0.128274E+01  0.157870E+01  0.171061E+01  0.178608E+01  0.100000E+03  0.317804E+00  0.327604E+00  0.367328E+00  0.456847E+00  0.377020E+00  0.467953E+00  0.464823E+00  0.830021E+00  0.117604E+01  0.111451E+01  0.105251E+01
  0.907571E+00  0.000000E+00  0.246811E+00  0.253886E+00  0.436195E+00  0.646279E+00  0.715893E+00  0.747756E+00  0.103551E+01  0.128122E+01  0.158461E+01  0.171263E+01  0.178806E+01  0.100000E+03  0.317678E+00  0.327608E+00  0.366444E+00  0.455324E+00  0.374594E+00  0.467518E+00  0.464531E+00  0.833236E+00  0.117075E+01  0.110827E+01  0.105600E+01
  0.942478E+00  0.000000E+00  0.246690E+00  0.253891E+00  0.433187E+00  0.648872E+00  0.721568E+00  0.744363E+00  0.104162E+01  0.127974E+01  0.159064E+01  0.171471E+01  0.179014E+01  0.100000E+03  0.317546E+00  0.327611E+00  0.365497E+00  0.453719E+00  0.375967E+00  0.463305E+00  0.464235E+00  0.836238E+00  0.116563E+01  0.110183E+01  0.105961E+01
  0.977384E+00  0.000000E+00  0.246565E+00  0.253895E+00  0.430248E+00  0.651542E+00  0.725085E+00  0.743218E+00  0.104776E+01  0.127831E+01  0.159678E+01  0.171685E+01  0.179230E+01  0.100000E+03  0.317406E+00  0.327615E+00  0.364494E+00  0.452043E+00  0.391688E+00  0.444758E+00  0.463937E+00  0.839031E+00  0.116068E+01  0.109519E+01  0.106331E+01
  0.101229E+01  0.000000E+00  0.246436E+00  0.253899E+00  0.427378E+00  0.654288E+00  0.724810E+00  0.745951E+00  0.105391E+01  0.127693E+01  0.160303E+01  0.171904E+01  0.179456E+01  0.100000E+03  0.317260E+00  0.327619E+00  0.363438E+00  0.450303E+00  0.419734E+00  0.413894E+00  0.463636E+00  0.841619E+00  0.115590E+01  0.108836E+01  0.106711E+01
  0.104720E+01  0.000000E+00  0.246301E+00  0.253903E+00  0.424575E+00  0.657108E+00  0.721840E+00  0.751462E+00  0.106009E+01  0.127561E+01  0.160939E+01  0.172128E+01  0.179692E+01  0.100000E+03  0.317106E+00  0.327623E+00  0.362336E+00  0.448509E+00  0.436767E+00  0.394045E+00  0.463336E+00  0.844006E+00  0.115129E+01  0.108136E+01  0.107098E+01
